1    2684
2    841
3    3973
4    4611
5    14957
6    15485
7    17117
8    2203
9    0
10    1478
11    839
12    19167
13    5041
14    37226
15    7211
16    17791
17    35538
18    44129
19    14280
20    11665
21    12
22    11768
23    235773
24    4924
25    4422
26    3661
27    7818
28    100451
29    3386
30    1407
31    6549
32    5550
33    35268
34    1225
35    11838
36    12193
37    6278
38    10105
39    12985
40    17769
41    46082
42    965
43    8010
44    17204
45    4742
46    3044
47    4567
48    34363
49    4695
50    4096
51    7089
52    195861
53    761
54    2010
55    2796
56    12881
57    7819
58    2473
59    7749
60    3840
61    14280
62    63105
63    4638
64    3524
65    6275
66    5338
67    12
68    8856
69    5198
70    5363
71    3630
72    4315
73    4516
74    4967
75    5600
76    3451
77    23
78    3295
79    2787
80    5078
81    4366
82    7322
83    2559
84    5743
85    5526
86    9012
87    3214
88    6217
89    1610
90    7693
91    15368
92    4261
93    4534
94    29773
95    8047
96    3215
97    3483
98    14247
99    12939
100    4457
101    2441
102    1975
103    5058
104    3751
105    7801
106    72085
107    3869
108    3397
109    1445
110    6389
111    5998
112    8201
113    1455
114    2433
115    3843
116    7092
117    4167
118    7819
119    6828
120    3136
121    2654
122    1929
123    3813
124    1024
125    2300
126    6598
127    29773
128    4202
129    1908
130    3606
131    2289
132    926238
133    3485
134    5137
135    8584
136    5594
137    6474
138    17513
139    2827
140    4243
141    50933
142    34322
143    52834
144    64976
145    8366
146    1249
147    5994
148    22606
149    8447
150    9769
151    12
152    8051
153    29773
154    9517
155    6485
156    28346
157    7775
158    4179
159    5856
160    1309
161    9035
162    4396
163    44685
164    6269
165    47073
166    5323
167    670
168    5113
169    53661
170    1869
171    1869
172    1869
173    1869
174    1869
175    2576
176    18912
177    5264
178    48034
179    5323
180    6280
181    20217
182    773
183    3187
184    50954
185    5461
186    1651
187    3592
188    6745
189    4548
190    4876
191    19579
192    48
193    7421
194    9685
195    15401
196    18165
197    6532
198    6735
199    40184
200    19624
201    15414
202    13002
203    1270
204    2136
205    14953
206    3430
207    31823
208    2258
209    4227
210    23585
211    89761
212    3781
213    4296
214    5451
215    3135
216    18049
217    6576
218    9091
219    10317
220    2358
221    849
222    1689
223    11005
224    6718
225    10586
226    6708
227    1668
228    9165
229    21251
230    4463
231    20452
232    19945
233    47893
234    5918
235    17645
236    7955
237    7462
238    15616
239    1425
240    1160
241    3695
242    3240
243    18049
244    15935
245    1875
246    8259
247    4916
248    20714
249    5409
250    10075
251    1425
252    5070
253    6967
254    19244
255    7247
256    3719
257    25030
258    33143
259    598
260    1313
261    2398
262    2312
263    1216
264    2999
265    1785
266    12454
267    7848
268    40738
269    1849
270    17086
271    20292
272    17664
273    7621
274    5427
275    7848
276    2966
277    12697
278    5994
279    11544
280    14492
281    24962
282    4548
283    35254
284    8883
285    16689
286    4548
287    31334
288    2059
289    12925
290    13666
291    6088
292    5867
293    50818
294    8144
295    2034
296    3630
297    676
298    3435
299    12059
300    8976
301    8641
302    3728
303    5945
304    3729
305    3961
306    4227
307    4144
308    9742
309    1931
310    39169
311    2522
312    1447
313    20146
314    60553
315    1496
316    4894
317    6104
318    1435
319    55110
320    3699
321    15915
322    404
323    4126
324    44137
325    13959
326    35467
327    10421
328    42214
329    5048
330    2164
331    5384
332    3244
333    3536
334    4478
335    2408
336    2203
337    3985
338    2476
339    6421
340    7558
341    8437
342    21602
343    9801
344    2364
345    4699
346    2188
347    3061
348    79225
349    2237
350    5887
351    2186
352    2162
353    2612
354    2513
355    2749
356    2177
357    9888
358    1808
359    2345
360    2415
361    2156
362    2167
363    5970
364    2180
365    2274
366    2176
367    2172
368    7081
369    2254
370    15279
371    35424
372    4172
373    1572
374    2727
375    10159
376    7001
377    3042
378    5361
379    3352
380    3835
381    3449
382    2593
383    3762
384    4141
385    4475
386    2716
387    2247
388    16839
389    2802
390    3193
391    6856
392    55110
393    46450
394    4860
395    2827
396    34691
397    22679
398    33062
399    33062
400    2333
401    6881
402    47122
403    67195
404    2279
405    5921
406    40738
407    32069
408    31263
409    4196
410    2596
411    12582
412    14027
413    3903
414    14744
415    11156
416    2310
417    3777
418    60553
419    1347
420    12633
421    6185
422    2369
423    12993
424    12792
425    16814
426    13858
427    15341
428    10701
429    11107
430    6374
431    7048
432    2436
433    30503
434    2415
435    46466
436    15701
437    26136
438    4263
439    2685
440    30569
441    15854
442    16127
443    16970
444    6956
445    3248
446    32586
447    4740
448    19274
449    1388
450    25160
451    14516
452    17147
453    2335
454    22777
455    22879
456    18853
457    1208
458    4043
459    5764
460    16635
461    16449
462    1771
463    4271
464    11044
465    5110
466    9208
467    2868
468    10892
469    1556
470    2252
471    19166
472    4103
473    3494
474    6497
475    7880
476    23589
477    112551
478    16391
479    8703
480    10552
481    11215
482    24295
483    5429
484    48371
485    6221
486    5172
487    5172
488    767
489    4031
490    5047
491    5843
492    4543
493    43254
494    9950
495    29529
496    2267
497    3643
498    5449
499    63243
500    3708
501    3529
502    2842
503    12986
504    7581
505    30997
506    21828
507    1993
508    3666
509    3509
510    4345
511    3524
512    3357
513    2812
514    6423
515    12017
516    48529
517    15281
518    22107
519    54
520    73110
521    82719
522    7220
523    525
524    5741
525    535
526    11402
527    2301
528    2508
529    10582
530    1878
531    1540
532    649
533    39743
534    6346
535    8565
536    3247
537    2067
538    2139
539    1964
540    9449
541    2114
542    22564
543    5052
544    1958
545    1707
546    3126
547    7682
548    4668
549    8292
550    36874
551    36892
552    6475
553    36901
554    36883
555    2507
556    866
557    36874
558    36883
559    36892
560    1271
561    688
562    36928
563    36901
564    5399
565    5096
566    12091
567    6974
568    2121
569    2139
570    9041
571    9041
572    24852
573    15110
574    2968
575    20927
576    5959
577    8214
578    10620
579    15409
580    4156
581    1360
582    5039
583    36883
584    2028
585    36946
586    5206
587    36892
588    29974
589    48079
590    4622
591    1124
592    8098
593    8565
594    5741
595    13435
596    12492
597    10314
598    5192
599    295587
600    12508
601    8078
602    68166
603    21369
604    1383
605    14747
606    3135
607    13435
608    20373
609    4189
610    3203
611    13393
612    3698
613    3698
614    2859
615    9440
616    67149
617    1100
618    22847
619    4889
620    5762
621    10349
622    6836
623    12538
624    3858
625    20614
626    1459
627    2546
628    66928
629    22719
630    3458
631    11469
632    8216
633    10289
634    11265
635    8279
636    31643
637    1766
638    9680
639    1913
640    3440
641    9409
642    1820
643    50851
644    7061
645    3969
646    277156
647    20599
648    7335
649    63698
650    9351
651    13753
652    9357
653    10095
654    11385
655    4175
656    7768
657    9755
658    3958
659    5498
660    3457
661    3877
662    3335
663    8424
664    4753
665    887
666    11374
667    48545
668    7469
669    14726
670    8084
671    9350
672    8578
673    10373
674    8669
675    8402
676    12250
677    1833
678    3707
679    13753
680    15445
681    31643
682    70347
683    6199
684    1984
685    3001
686    56090
687    5486
688    1748
689    5579
690    1957
691    29721
692    3990
693    6036
694    50851
695    8424
696    2525173
697    2238
698    11385
699    27109
700    4935
701    8424
702    4561
703    3150
704    10472
705    1589
706    3054
707    6009
708    1631
709    13889
710    10891
711    10244
712    1683
713    1749
714    1864
715    9476
716    1713
717    1758
718    1766
719    5126
720    1648
721    1683
722    7714
723    1682
724    4420
725    1683
726    1519
727    22325
728    3432
729    1531
730    5441
731    6570
732    3081
733    9259
734    1523
735    1888
736    3937
737    23583
738    1566
739    13206
740    7986
741    1607
742    4238
743    5221
744    7679
745    5820
746    5262
747    1554
748    8083
749    1528
750    3899
751    11333
752    4999
753    5599
754    2519
755    27453
756    3730
757    8798
758    7514
759    3765
760    5185
761    18699
762    28372
763    8900
764    8139
765    4199
766    3583
767    5933
768    5798
769    8166
770    2523
771    11976
772    7514
773    4140
774    7779
775    13230
776    5300
777    30940
778    4902
779    1225
780    5803
781    11899
782    17176
783    50032
784    2637
785    14435
786    4189
787    3476
788    35498
789    1468
790    622
791    1225
792    1719
793    28844
794    73438
795    2011
796    1616
797    4704
798    12878
799    13625
800    1607
801    1881
802    4866
803    7348
804    4481
805    4776
806    74
807    3692
808    3286
809    43427
810    2367
811    1140
812    3174
813    3561
814    8962
815    6416
816    13404
817    26449
818    4075
819    12879
820    48364
821    9517
822    6186
823    3216
824    7600
825    3603
826    3603
827    3603
828    3603
829    3603
830    22507
831    14741
832    2454
833    7103
834    4755
835    35989
836    4189
837    16355
838    8136
839    8644
840    5338
841    2949
842    8448
843    8189
844    5263
845    2930
846    33782
847    2992
848    135432
849    6382
850    4468
851    5384
852    2002
853    17289
854    5902
855    8107
856    12494
857    7441
858    7636
859    4852
860    3601
861    2766
862    1159
863    5025
864    9190
865    7531
866    19222
867    8775
868    14647
869    19243
870    1046
871    11291
872    6492
873    7317
874    6488
875    6582
876    14998
877    6608
878    1376
879    71103
880    8344
881    6391
882    1069
883    12931
884    1579
885    18181
886    6374
887    16115
888    1309
889    5755
890    4634
891    6160
892    20081
893    4038
894    1887
895    5387
896    42054
897    1090
898    1618
899    13000
900    1887
901    11369
902    15609
903    4365
904    135736
905    6120
906    17580
907    6394
908    12104
909    1139
910    6186
911    4704
912    3083
913    5480
914    4355
915    6779
916    29648
917    79875
918    14171
919    13260
920    4284
921    6440
922    11059
923    10582
924    4924
925    4924
926    7410
927    6141
928    8515
929    21463
930    2227
931    1231
932    1407
933    239
934    50404
935    2785
936    4140
937    13805
938    17623
939    9021
940    1018
941    5651
942    4616
943    36168
944    6640
945    43640
946    1020
947    1467
948    1843
949    2774
950    2389
951    10004
952    2507
953    7757
954    8162
955    8455
956    4571
957    1336
958    12588
959    12588
960    12588
961    12588
962    12588
963    12588
964    12588
965    12588
966    12588
967    12588
968    10002
969    4654
970    7244
971    31333
972    17360
973    12949
974    4654
975    4654
976    31333
977    4290
978    39049
979    31333
980    3005
981    15695
982    10114
983    6682
984    11124
985    22239
986    14703
987    7804
988    5316
989    5316
990    5316
991    5316
992    8345
993    17110
994    10802
995    16259
996    4629
997    17110
998    10802
999    8215
1000    18252
1001    6321
1002    16290
1003    35781
1004    5558
1005    9557
1006    9471
1007    1696
1008    1421
1009    11336
1010    1579
1011    11296
1012    11901
1013    5996
1014    4463
1015    8526
1016    66526
1017    37785
1018    5488
1019    3854
1020    3332
1021    18679
1022    3565
1023    1379
1024    3917
1025    3080
1026    9520
1027    8435
1028    5514
1029    10917
1030    14877
1031    10769
1032    6720
1033    7074
1034    7074
1035    3917
1036    7074
1037    7074
1038    9280
1039    3187
1040    8255
1041    15973
1042    8498
1043    10732
1044    4821
1045    6066
1046    6077
1047    6078
1048    6095
1049    5914
1050    4690
1051    7668
1052    6078
1053    8273
1054    7751
1055    36462
1056    63830
1057    8124
1058    6083
1059    6083
1060    8203
1061    6173
1062    5578
1063    6076
1064    8239
1065    6071
1066    8595
1067    8226
1068    8273
1069    6071
1070    134543
1071    5579
1072    5555
1073    11107
1074    8763
1075    19993
1076    4179
1077    14839
1078    4486
1079    4167
1080    4167
1081    8632
1082    2624
1083    71082
1084    1832
1085    5993
1086    12986
1087    7571
1088    14240
1089    13997
1090    6032
1091    12995
1092    16628
1093    17006
1094    16623
1095    16559
1096    15038
1097    12396
1098    10892
1099    6956
1100    3226
1101    1741
1102    65456
1103    5200
1104    6607
1105    18384
1106    36102
1107    2151
1108    3226
1109    6607
1110    18682
1111    4490
1112    216062
1113    2142
1114    35885
1115    2803
1116    3686
1117    3864
1118    2804
1119    11974
1120    8291
1121    8306
1122    18444
1123    2754
1124    58507
1125    8349
1126    114456
1127    40612
1128    1640
1129    1361
1130    31550
1131    18477
1132    5163
1133    2364
1134    8774
1135    3468
1136    8698
1137    7421
1138    6532
1139    7497
1140    22268
1141    10688
1142    12545
1143    15783
1144    15827
1145    6197
1146    4876
1147    19579
1148    67615
1149    15848
1150    19229
1151    3519
1152    3004
1153    5447
1154    5447
1155    5444
1156    1411
1157    3076
1158    16046
1159    4249
1160    15963
1161    1334
1162    15382
1163    5447
1164    5251
1165    5251
1166    23244
1167    1188
1168    23210
1169    26970
1170    6098
1171    2083
1172    9524
1173    16113
1174    16160
1175    21349
1176    12018
1177    1254
1178    9791
1179    7122
1180    53305
1181    2279
1182    22753
1183    17481
1184    3540
1185    2119
1186    3408
1187    2419
1188    5522
1189    3420
1190    17360
1191    46082
1192    6677
1193    19445
1194    11952
1195    5229
1196    1272
1197    1630
1198    3465
1199    3368
1200    20765
1201    40142
1202    22541
1203    1205
1204    5039
1205    2227
1206    10582
1207    16102
1208    1231
1209    4194
1210    3435
1211    1464
1212    12850
1213    5774
1214    63105
1215    7254
1216    41762
1217    2485
1218    6232
1219    1821
1220    1838
1221    2052
1222    1559
1223    1980
1224    1448
1225    1896
1226    1696
1227    1530
1228    1376
1229    1794
1230    1491
1231    1758
1232    1656
1233    1633
1234    1872
1235    3247
1236    5833
1237    13914
1238    6870
1239    1972
1240    10036
1241    2116
1242    6794
1243    6923
1244    6354
1245    2694
1246    6918
1247    4787
1248    42668
1249    34557
1250    68021
1251    1274
1252    8421
1253    11037
1254    6259
1255    5885
1256    5227
1257    1767
1258    4608
1259    4529
1260    5208
1261    5018
1262    2271
1263    6529
1264    5230
1265    4841
1266    5065
1267    3157
1268    7261
1269    4993
1270    4963
1271    6305
1272    4281
1273    3333
1274    5152
1275    4965
1276    5142
1277    5216
1278    5334
1279    5002
1280    7056
1281    4909
1282    5139
1283    4916
1284    5272
1285    11256
1286    21571
1287    2271
1288    18419
1289    10851
1290    2535
1291    3937
1292    8673
1293    4154
1294    14265
1295    14991
1296    11698
1297    11714
1298    2391
1299    2271
1300    4389
1301    4305
1302    5900
1303    11700
1304    12009
1305    10424
1306    13974
1307    2261
1308    1878
1309    4076
1310    9725
1311    9755
1312    10033
1313    1779
1314    37592
1315    14047
1316    6712
1317    2521
1318    35186
1319    8295
1320    3559
1321    34400
1322    4601
1323    10590
1324    4501
1325    3732
1326    2262
1327    4022
1328    10712
1329    8605
1330    1930
1331    1918
1332    1909
1333    6417
1334    8426
1335    206089
1336    1924
1337    19867
1338    4453
1339    4265
1340    5479
1341    9496
1342    77813
1343    1336
1344    6723
1345    3311
1346    6849
1347    1624
1348    2908
1349    3676
1350    1859
1351    2949
1352    9962
1353    11165
1354    1983
1355    23139
1356    1470
1357    738230
1358    2845
1359    23699
1360    10037
1361    16290
1362    25440
1363    2225
1364    3840
1365    1313
1366    3707
1367    1228
1368    9121
1369    10090
1370    5638
1371    26159
1372    431097
1373    6626
1374    1393
1375    29551
1376    32339
1377    10036
1378    29574
1379    3084
1380    26972
1381    4613
1382    10061
1383    11728
1384    10617
1385    23236
1386    26373
1387    2711
1388    24474
1389    3572
1390    2738
1391    5352
1392    5065
1393    6539
1394    2761
1395    14334
1396    5663
1397    2786
1398    2752
1399    2744
1400    8713
1401    137806
1402    4937
1403    8405
1404    14461
1405    24275
1406    1526
1407    9433
1408    2657
1409    89139
1410    2164
1411    6159
1412    5427
1413    29233
1414    3828
1415    5328
1416    5680
1417    46427
1418    4643
1419    119305
1420    164101
1421    68560
1422    73078
1423    34697
1424    3566
1425    6330
1426    1007
1427    11802
1428    1009
1429    7929
1430    4894
1431    7147
1432    7157
1433    2336
1434    3318
1435    1992
1436    39497
1437    14259
1438    2141
1439    2141
1440    8580
1441    89122
1442    56655
1443    7451
1444    9072
1445    99596
1446    9891
1447    2782
1448    20227
1449    7199
1450    2018
1451    1978
1452    1922
1453    2058
1454    1986
1455    1970
1456    1978
1457    1962
1458    1986
1459    13732
1460    1970
1461    1994
1462    6890
1463    3145
1464    2759
1465    2279
1466    2339
1467    7452
1468    1565
1469    7164
1470    76086
1471    15205
1472    1874
1473    9220
1474    1607
1475    5462
1476    3250
1477    12962
1478    4081
1479    530
1480    59698
1481    115049
1482    59850
1483    2915
1484    73669
1485    2731
1486    34003
1487    10039
1488    60489
1489    11879
1490    13327
1491    7891
1492    7840
1493    12649
1494    2034
1495    12863
1496    8152
1497    1576
1498    4717
1499    8632
1500    21200
1501    3495
1502    1607
1503    10335
1504    8689
1505    3532
1506    1635
1507    5374
1508    2451
1509    1677
1510    12106
1511    1508
1512    4045
1513    21628
1514    36059
1515    4827
1516    28633
1517    10743
1518    7874
1519    28744
1520    1975
1521    29184
1522    29191
1523    29325
1524    28863
1525    1429
1526    13307
1527    29652
1528    29357
1529    30101
1530    29505
1531    28495
1532    4555
1533    29966
1534    6363
1535    2452
1536    29638
1537    3368
1538    29778
1539    3487
1540    56669
1541    10289
1542    29595
1543    4975
1544    28878
1545    4180
1546    3138
1547    2485
1548    4968
1549    2398
1550    4640
1551    3248
1552    2198
1553    2412
1554    4001
1555    33033
1556    3628
1557    3128
1558    2619
1559    4677
1560    3186
1561    4460
1562    3353
1563    3385
1564    3202
1565    3465
1566    5082
1567    3767
1568    6960
1569    2807
1570    4960
1571    3250
1572    2383
1573    3347
1574    2688
1575    3239
1576    2753
1577    5495
1578    6734
1579    2203
1580    3529
1581    6901
1582    4581
1583    2036
1584    3781
1585    12862
1586    2488
1587    6722
1588    3435
1589    9892
1590    9505
1591    19688
1592    5406
1593    2650
1594    4051
1595    1321
1596    8998
1597    2264
1598    7597
1599    3107
1600    4190
1601    9536
1602    2431
1603    1218
1604    8468
1605    8042
1606    3479
1607    2896
1608    27568
1609    3514
1610    7842
1611    1274
1612    2011
1613    4446
1614    1247
1615    1551
1616    2680
1617    5212
1618    5932
1619    2881
1620    2853
1621    4690
1622    37809
1623    5892
1624    29450
1625    9512
1626    3145
1627    10024
1628    10833
1629    13081
1630    8912
1631    5278
1632    3627
1633    13039
1634    24395
1635    16796
1636    4352
1637    4406
1638    8550
1639    5351
1640    6014
1641    3418
1642    6583
1643    13995
1644    4879
1645    73463
1646    7682
1647    7703
1648    8425
1649    19729
1650    2174
1651    3347
1652    4949
1653    7228
1654    3369
1655    26446
1656    5417
1657    1808
1658    4894
1659    8292
1660    3689
1661    4911
1662    9881
1663    4624
1664    15460
1665    13610
1666    15647
1667    3292
1668    9035
1669    134333
1670    34781
1671    11301
1672    6214
1673    5301
1674    5013
1675    3451
1676    9682
1677    3330
1678    2741
1679    2300
1680    4044
1681    4367
1682    3658
1683    3229
1684    3851
1685    13228
1686    5096
1687    134333
1688    4013
1689    3456
1690    1821
1691    10777
1692    6249
1693    6393
1694    2965
1695    2310
1696    4225
1697    2183
1698    838
1699    28843
1700    4615
1701    28912
1702    1895
1703    23464
1704    901
1705    4474
1706    2269
1707    10777
1708    17769
1709    3102
1710    6450
1711    19319
1712    8066
1713    29043
1714    33086
1715    33095
1716    14508
1717    3574
1718    9498
1719    16601
1720    12679
1721    55447
1722    1492
1723    5370
1724    32940
1725    17655
1726    8323
1727    5715
1728    10307
1729    13518
1730    9678
1731    23349
1732    5451
1733    2220
1734    13668
1735    5756
1736    4954
1737    11481
1738    15612
1739    4112
1740    3735
1741    4619
1742    605
1743    11421
1744    7048
1745    5340
1746    5938
1747    8107
1748    3955
1749    2479
1750    12709
1751    5983
1752    667
1753    30880
1754    6003
1755    1376
1756    26442
1757    47273
1758    12970
1759    7719
1760    3066
1761    59185
1762    9119
1763    9107
1764    8392
1765    4942
1766    29477
1767    3806
1768    3806
1769    6942
1770    20939
1771    20939
1772    8827
1773    9408
1774    4467
1775    21886
1776    9216
1777    7180
1778    9533
1779    3862
1780    14185
1781    5263
1782    6942
1783    4784
1784    5673
1785    4673
1786    3474
1787    4980
1788    11191
1789    13164
1790    10840
1791    235773
1792    12360
1793    38286
1794    4149
1795    4023
1796    2452
1797    18224
1798    2596
1799    12491
1800    10932
1801    5549
1802    10932
1803    4636
1804    25139
1805    34557
1806    2499
1807    22768
1808    10565
1809    11205
1810    11115
1811    18351
1812    16554
1813    4421
1814    12038
1815    17846
1816    16148
1817    5368
1818    16152
1819    25660
1820    9450
1821    4649
1822    16635
1823    16599
1824    1068
1825    20872
1826    16658
1827    12321
1828    3079
1829    4505
1830    21154
1831    8859
1832    10498
1833    4812
1834    86884
1835    17204
1836    4894
1837    6161
1838    4193
1839    13266
1840    15414
1841    2428
1842    4671
1843    6803
1844    8374
1845    11780
1846    30427
1847    12059
1848    891
1849    4243
1850    6119
1851    33346
1852    13459
1853    15811
1854    12827
1855    5325
1856    44547
1857    5550
1858    1837
1859    19382
1860    6259
1861    7148
1862    25695
1863    9187
1864    6797
1865    7837
1866    3150
1867    1880
1868    37668
1869    17281
1870    12263
1871    3232
1872    4031
1873    3359
1874    61476
1875    5736
1876    6796
1877    44417
1878    61
1879    3657
1880    4005
1881    9617
1882    5226
1883    907
1884    28280
1885    9921
1886    9929
1887    5726
1888    16560
1889    12475
1890    8231
1891    4581
1892    19585
1893    4279
1894    4715
1895    3209
1896    5479
1897    29981
1898    16490
1899    6165
1900    3704
1901    8271
1902    15106
1903    12018
1904    10413
1905    15330
1906    3728
1907    7233
1908    7558
1909    5827
1910    2813
1911    7642
1912    4902
1913    8165
1914    5780
1915    57541
1916    26580
1917    263882
1918    2206
1919    4535
1920    1336
1921    3600
1922    4293
1923    20124
1924    6898
1925    1340
1926    4832
1927    2771
1928    8341
1929    10448
1930    4644
1931    1338
1932    17919
1933    381650
1934    8666
1935    9928
1936    13431
1937    4902
1938    3542
1939    10005
1940    4056
1941    9960
1942    5883
1943    29524
1944    1690
1945    1690
1946    1191
1947    1690
1948    1338
1949    1338
1950    9934
1951    41282
1952    772
1953    21952
1954    4158
1955    4731
1956    5164
1957    4128
1958    3986
1959    12451
1960    3304
1961    40158
1962    1191
1963    21466
1964    10292
1965    10107
1966    10249
1967    23702
1968    8036
1969    79010
1970    56118
1971    3302
1972    4516
1973    5458
1974    4522
1975    39185
1976    3476
1977    2317
1978    2265
1979    2259
1980    3476
1981    5799
1982    17700
1983    17700
1984    1401
1985    6684
1986    15336
1987    22720
1988    117559
1989    4516
1990    5458
1991    3302
1992    8871
1993    28206
1994    6668
1995    9041
1996    6576
1997    3939
1998    86535
1999    2656
2000    2937
2001    36937
2002    2505
2003    7983
2004    2804
2005    5430
2006    5708
2007    6386
2008    4330
2009    7646
2010    22760
2011    8075
2012    5502
2013    30249
2014    4043
2015    5098
2016    3610
2017    1175
2018    11454
2019    3344
2020    14576
2021    3054
2022    5055
2023    4178
2024    11355
2025    5321
2026    3452
2027    6878
2028    2455
2029    5867
2030    3119
2031    7841
2032    11028
2033    3553
2034    3965
2035    8467
2036    12592
2037    5887
2038    8678
2039    1671
2040    6217
2041    5641
2042    11525
2043    6715
2044    28948
2045    708
2046    16846
2047    3039
2048    1630
2049    154777
2050    7461
2051    102498
2052    7392
2053    5662
2054    7827
2055    7463
2056    16520
2057    5654
2058    2562
2059    48043
2060    33970
2061    4756
2062    77294
2063    5084
2064    5672
2065    4614
2066    10970
2067    3063
2068    118564
2069    118564
2070    120222
2071    10810
2072    13664
2073    17784
2074    3221
2075    120222
2076    3583
2077    12263
2078    5870
2079    15630
2080    7952
2081    5502
2082    8843
2083    34590
2084    4629
2085    3504
2086    1129
2087    70162
2088    5790
2089    8094
2090    13517
2091    1551
2092    4643
2093    10059
2094    11038
2095    19549
2096    20530
2097    4346
2098    5484
2099    2835
2100    7313
2101    9998
2102    9991
2103    10001
2104    9999
2105    9991
2106    5397
2107    4654
2108    75011
2109    20320
2110    6038
2111    13529
2112    11116
2113    481415
2114    2019
2115    2038
2116    31936
2117    1933
2118    14252
2119    41156
2120    2725
2121    23583
2122    2085
2123    35100
2124    9634
2125    4693
2126    4348
2127    10065
2128    2075
2129    2362
2130    4875
2131    4210
2132    4355
2133    5191
2134    12248
2135    2940
2136    10316
2137    148101
2138    5044
2139    2610
2140    48547
2141    2248
2142    2470
2143    7096
2144    14160
2145    5299
2146    6017
2147    6017
2148    6017
2149    4212
2150    13021
2151    4588
2152    4588
2153    825
2154    7288
2155    4150
2156    2801
2157    4230
2158    3576
2159    48116
2160    48549
2161    1031
2162    92010
2163    22150
2164    22150
2165    45795
2166    38255
2167    49
2168    1122
2169    9032
2170    3529
2171    3995
2172    7282
2173    5615
2174    10300
2175    17204
2176    1863
2177    1863
2178    2834
2179    3380
2180    1957
2181    7521
2182    18956
2183    8957
2184    5619
2185    7625
2186    9825
2187    16634
2188    3930
2189    25881
2190    1302
2191    1266
2192    7483
2193    27910
2194    14337
2195    1020
2196    2695
2197    13852
2198    14252
2199    13845
2200    13918
2201    10247
2202    3324
2203    13901
2204    1034
2205    13867
2206    3489
2207    13833
2208    13971
2209    13869
2210    27910
2211    5137
2212    27910
2213    5772
2214    1801
2215    2503
2216    7952
2217    7806
2218    2190
2219    50527
2220    72373
2221    9355
2222    3432
2223    19106
2224    4059
2225    3892
2226    5185
2227    8472
2228    8869
2229    915
2230    4495
2231    6193
2232    4784
2233    8482
2234    11160
2235    2574
2236    7639
2237    97308
2238    17830
2239    96831
2240    14861
2241    13611
2242    2148
2243    14804
2244    2762
2245    8842
2246    7738
2247    8745
2248    2546
2249    3430
2250    8009
2251    8842
2252    26187
2253    3224
2254    11717
2255    4404
2256    2737
2257    3410
2258    12457
2259    24416
2260    36780
2261    5183
2262    2226
2263    5452
2264    1332
2265    5535
2266    2516
2267    3835
2268    3449
2269    2593
2270    28523
2271    28873
2272    7679
2273    26891
2274    28898
2275    28837
2276    28076
2277    28587
2278    28898
2279    4698
2280    4113
2281    2942
2282    6594
2283    49144
2284    1817
2285    755
2286    10995
2287    18661
2288    29313
2289    29324
2290    10411
2291    29912
2292    2737
2293    49115
2294    10997
2295    29659
2296    29856
2297    9503
2298    3518
2299    6463
2300    9503
2301    3814
2302    52205
2303    52205
2304    3657
2305    11283
2306    8598
2307    8644
2308    7220
2309    12456
2310    6712
2311    12698
2312    14175
2313    870
2314    8267
2315    12433
2316    8267
2317    4176
2318    45494
2319    5710
2320    6358
2321    3587
2322    4281
2323    26946
2324    10139
2325    2888
2326    6504
2327    5151
2328    5775
2329    25571
2330    28683
2331    27814
2332    29401
2333    64436
2334    29294
2335    29025
2336    3085
2337    29412
2338    27984
2339    6187
2340    29471
2341    29071
2342    11020
2343    2499
2344    2396
2345    29555
2346    28890
2347    23931
2348    4415
2349    29111
2350    34557
2351    29467
2352    29070
2353    29179
2354    27774
2355    29582
2356    29231
2357    5138
2358    29636
2359    29432
2360    28622
2361    29243
2362    29436
2363    29835
2364    29525
2365    29651
2366    29252
2367    29480
2368    29156
2369    3089
2370    28278
2371    3085
2372    29220
2373    3085
2374    8101
2375    12672
2376    30595
2377    29054
2378    6164
2379    11005
2380    29672
2381    29499
2382    29078
2383    28
2384    19521
2385    5011
2386    29585
2387    29456
2388    29659
2389    3085
2390    29905
2391    29491
2392    29328
2393    29244
2394    14247
2395    37311
2396    29258
2397    29078
2398    29493
2399    6571
2400    27905
2401    29361
2402    30123
2403    29966
2404    29257
2405    29270
2406    29242
2407    7756
2408    2214
2409    1891
2410    7617
2411    13481
2412    4980
2413    38453
2414    1919
2415    4373
2416    2802
2417    3339
2418    2809
2419    4153
2420    3053
2421    135552
2422    153826
2423    6174
2424    4373
2425    19418
2426    10469
2427    1724
2428    19939
2429    6532
2430    2148
2431    7571
2432    11569
2433    7421
2434    104441
2435    2962
2436    4719
2437    3584
2438    876
2439    4758
2440    4923
2441    14624
2442    3133
2443    2107
2444    8080
2445    8165
2446    6007
2447    2930
2448    5151
2449    56343
2450    3453
2451    4412
2452    2683
2453    7635
2454    2658
2455    4927
2456    12827
2457    2472
2458    22631
2459    2658
2460    2658
2461    4249
2462    2659
2463    5491
2464    2576
2465    3074
2466    50818
2467    5115
2468    10571
2469    10571
2470    16123
2471    6450
2472    2745
2473    6450
2474    14047
2475    6637
2476    7598
2477    10224
2478    10982
2479    6427
2480    2795226
2481    7450
2482    84892
2483    21954
2484    14132
2485    21819
2486    2561
2487    1153
2488    16249
2489    2487
2490    29490
2491    36869
2492    31193
2493    7185
2494    3819
2495    4224
2496    5039
2497    4523
2498    5428
2499    9083
2500    9036
2501    6297
2502    6029
2503    4224
2504    4224
2505    4224
2506    5428
2507    5428
2508    5428
2509    8696
2510    4523
2511    4523
2512    9083
2513    9083
2514    9083
2515    9083
2516    9083
2517    6297
2518    6297
2519    6297
2520    6297
2521    9036
2522    1815
2523    2027
2524    7934
2525    235
2526    6205
2527    6627
2528    8335
2529    1101
2530    14095
2531    19801
2532    34009
2533    1240
2534    4593
2535    8449
2536    2333
2537    15474
2538    9676
2539    11740
2540    6871
2541    9155
2542    672492
2543    12919
2544    21504
2545    4664
2546    1845
2547    4064
2548    9346
2549    16575
2550    18497
2551    8198
2552    6257
2553    7488
2554    7405
2555    27126
2556    6367
2557    19697
2558    5953
2559    21833
2560    19153
2561    25168
2562    21833
2563    1693
2564    687
2565    15389
2566    1308
2567    12962
2568    1893
2569    9033
2570    5958
2571    9238
2572    700
2573    2515
2574    2991
2575    4902
2576    7279
2577    1369
2578    20968
2579    25416
2580    17164
2581    20538
2582    5583
2583    5608
2584    16085
2585    6626
2586    2176
2587    2205
2588    2460
2589    2423
2590    2268
2591    2236
2592    2197
2593    7686
2594    2903
2595    4925
2596    8333
2597    20118
2598    9812
2599    6817
2600    22182
2601    25569
2602    20298
2603    3126
2604    7744
2605    100561
2606    20689
2607    18580
2608    2810
2609    47799
2610    47799
2611    3274
2612    5340
2613    5525
2614    4605
2615    345
2616    4621
2617    28421
2618    2345
2619    25084
2620    2327
2621    5461
2622    9283
2623    4294
2624    11120
2625    3392
2626    4658
2627    3450
2628    4267
2629    5052
2630    8297
2631    25084
2632    10146
2633    10065
2634    15558
2635    15464
2636    7668
2637    1919
2638    7810
2639    12935
2640    12677
2641    17164
2642    24230
2643    5558
2644    8569
2645    9658
2646    8851
2647    9799
2648    57616
2649    55904
2650    4992
2651    52480
2652    11906
2653    2691
2654    22788
2655    2948
2656    3662
2657    5133
2658    17169
2659    9799
2660    12381
2661    12201
2662    17366
2663    12117
2664    5905
2665    16037
2666    6630
2667    46865
2668    2634
2669    17528
2670    3366
2671    18093
2672    34102
2673    5134
2674    39012
2675    17341
2676    17541
2677    4380
2678    764
2679    87180
2680    17216
2681    2670
2682    18332
2683    3105
2684    2332
2685    21875
2686    16848
2687    1366
2688    51324
2689    15021
2690    6796
2691    5094
2692    11195
2693    3176
2694    3047
2695    60681
2696    4815
2697    13484
2698    5254
2699    34180
2700    4662
2701    3022
2702    3458
2703    1035
2704    3363
2705    9751
2706    1475
2707    11197
2708    5189
2709    8001
2710    7723
2711    2772
2712    2772
2713    5201
2714    8860
2715    5033
2716    7582
2717    52509
2718    8818
2719    8685
2720    3538
2721    8369
2722    11921
2723    11921
2724    1000
2725    2300
2726    6597
2727    5356
2728    145643
2729    4076
2730    2584
2731    2744
2732    5386
2733    3934
2734    10527
2735    7491
2736    38961
2737    31868
2738    33809
2739    736
2740    11787
2741    34103
2742    68021
2743    46852
2744    50794
2745    1972
2746    3867
2747    1411
2748    23828
2749    26098
2750    17466
2751    8451
2752    9445
2753    5605
2754    9822
2755    3161
2756    2008
2757    1768
2758    3161
2759    17052
2760    19161
2761    19427
2762    2176
2763    24266
2764    3161
2765    3161
2766    3161
2767    3161
2768    3161
2769    3161
2770    3161
2771    3161
2772    51755
2773    34216
2774    3161
2775    3161
2776    3161
2777    3161
2778    3161
2779    3161
2780    3161
2781    3161
2782    3161
2783    3161
2784    3161
2785    7729
2786    19443
2787    17851
2788    58430
2789    46937
2790    58370
2791    3989
2792    3383
2793    16808
2794    16794
2795    17040
2796    19583
2797    2701
2798    2698
2799    13219
2800    16311
2801    13595
2802    18997
2803    15485
2804    10674
2805    11740
2806    6683
2807    43065
2808    71233
2809    7620
2810    8662
2811    235665
2812    19915
2813    7332
2814    20563
2815    2747
2816    7360
2817    24673
2818    13526
2819    5542
2820    7519
2821    21432
2822    1842
2823    18224
2824    2068
2825    2159
2826    1325
2827    12262
2828    99552
2829    998
2830    8145
2831    56274
2832    16252
2833    7048
2834    5983
2835    4875
2836    4210
2837    4693
2838    4355
2839    4348
2840    10895
2841    4786
2842    4738
2843    4645
2844    4960
2845    6681
2846    14326
2847    5221
2848    18698
2849    1400
2850    21546
2851    77561
2852    4249
2853    21468
2854    21464
2855    11323
2856    11328
2857    16011
2858    11741
2859    5029
2860    5145
2861    4602
2862    4693
2863    7766
2864    6235
2865    5650
2866    6087
2867    5018
2868    7726
2869    7747
2870    7892
2871    4976
2872    2329
2873    5253
2874    6286
2875    33132
2876    32179
2877    9222
2878    36121
2879    19320
2880    31527
2881    3608
2882    5071
2883    1862
2884    1876
2885    3254
2886    3351
2887    8852
2888    9369
2889    8490
2890    7236
2891    3039
2892    1872
2893    1683
2894    757
2895    746
2896    812
2897    1973
2898    2004
2899    2004
2900    7785
2901    4261
2902    47722
2903    2235
2904    36818
2905    3869
2906    26762
2907    17126
2908    2991
2909    3809
2910    12599
2911    11962
2912    22332
2913    16420
2914    1642
2915    36818
2916    10713
2917    10713
2918    10819
2919    10479
2920    10458
2921    10176
2922    9789
2923    9725
2924    9780
2925    10229
2926    9695
2927    10244
2928    10183
2929    10229
2930    22334
2931    10376
2932    10065
2933    10244
2934    9800
2935    21622
2936    10145
2937    10528
2938    10676
2939    10176
2940    10065
2941    10183
2942    9531
2943    9780
2944    9695
2945    21624
2946    10145
2947    14349
2948    1068
2949    3694
2950    3673
2951    1878
2952    4156
2953    1830
2954    4385
2955    2530
2956    4349
2957    2550
2958    17275
2959    7705
2960    5718
2961    12456
2962    2945
2963    5940
2964    4243
2965    57688
2966    5744
2967    4258
2968    5555
2969    7327
2970    4276
2971    2605
2972    4294
2973    18988
2974    9742
2975    8273
2976    4137
2977    7201
2978    10062
2979    7436
2980    10058
2981    2833
2982    380
2983    7833
2984    11704
2985    10296
2986    8922
2987    4948
2988    2827
2989    4407
2990    2833
2991    106725
2992    13393
2993    1719
2994    12395
2995    5295
2996    5568
2997    5528
2998    11409
2999    6330
3000    6399
3001    7028
3002    7762
3003    6863
3004    4624
3005    7893
3006    5507
3007    6011
3008    12937
3009    3574
3010    5291
3011    6473
3012    6369
3013    3237
3014    6338
3015    3842
3016    3425
3017    61300
3018    1673
3019    7143
3020    4421
3021    5826
3022    5399
3023    3866
3024    8118
3025    53640
3026    4928
3027    7434
3028    4325
3029    6723
3030    7439
3031    6318
3032    3583
3033    714
3034    5358
3035    27832
3036    7418
3037    5243
3038    7500
3039    3734
3040    3751
3041    4458
3042    5040
3043    6693
3044    4304
3045    2270
3046    3475
3047    5427
3048    5043
3049    46732
3050    12141
3051    4890
3052    9181
3053    6163
3054    5340
3055    5222
3056    10772
3057    1745
3058    8519
3059    5625
3060    4299
3061    10390
3062    1405
3063    1428
3064    2267
3065    9023
3066    5716
3067    18657
3068    58276
3069    2187
3070    1409
3071    1895
3072    2025
3073    1201
3074    1285
3075    6057
3076    1315
3077    1587
3078    11121
3079    3939
3080    3076
3081    2341
3082    726
3083    6792
3084    5502
3085    5904
3086    3592
3087    1317
3088    1293
3089    1716
3090    3951
3091    3780
3092    1786
3093    50032
3094    2892
3095    8157
3096    8990
3097    3327
3098    2330
3099    2725
3100    6279
3101    4168
3102    1372
3103    1336
3104    1338
3105    3660
3106    3517
3107    3406
3108    2035
3109    14127
3110    1999
3111    1624
3112    5973
3113    19025
3114    4564
3115    10247
3116    16323
3117    4562
3118    1740
3119    5891
3120    6306
3121    2088
3122    1822
3123    5538
3124    1650
3125    9661
3126    14741
3127    1725
3128    2995
3129    34259
3130    6394
3131    264
3132    4981
3133    2758
3134    5869
3135    84276
3136    11036
3137    12700
3138    13759
3139    3366
3140    3443
3141    4371
3142    3176
3143    46450
3144    7914
3145    2755
3146    3177
3147    10051
3148    11464
3149    3337
3150    16631
3151    5509
3152    6603
3153    19462
3154    2141
3155    14559
3156    10548
3157    12049
3158    7791
3159    7237
3160    1431
3161    1431
3162    30806
3163    30810
3164    30908
3165    14586
3166    6263
3167    775
3168    9143
3169    2766
3170    2638
3171    7164
3172    3888
3173    7965
3174    6473
3175    3525
3176    6160
3177    1109
3178    696
3179    2434
3180    19771
3181    3000
3182    2635
3183    8974
3184    26908
3185    3376
3186    2075
3187    4001
3188    1586
3189    2495
3190    50748
3191    11384
3192    27693
3193    42344
3194    8986
3195    10369
3196    26947
3197    38181
3198    25205
3199    213154
3200    11376
3201    9923
3202    9603
3203    10519
3204    2887
3205    34854
3206    26557
3207    20260
3208    9600
3209    19276
3210    27049
3211    5198
3212    9235
3213    9870
3214    9924
3215    9924
3216    70894
3217    9600
3218    9794
3219    9572
3220    9923
3221    15971
3222    9870
3223    54827
3224    1405
3225    21425
3226    118
3227    9453
3228    9523
3229    14701
3230    21288
3231    6108
3232    2822
3233    33164
3234    1303
3235    6357
3236    7422
3237    6580
3238    1116
3239    1125
3240    5606
3241    9676
3242    22643
3243    20983
3244    21076
3245    1690
3246    6719
3247    2003
3248    3465
3249    3981
3250    12227
3251    11303
3252    22013
3253    8378
3254    2106
3255    7181
3256    381650
3257    9318
3258    10911
3259    4996
3260    7351
3261    20639
3262    10582
3263    10855
3264    3509
3265    59037
3266    5715
3267    11694
3268    16672
3269    3893
3270    8321
3271    3990
3272    6431
3273    7424
3274    13622
3275    4285
3276    14062
3277    5799
3278    3243
3279    11902
3280    7370
3281    7556
3282    32332
3283    18363
3284    7062
3285    4725
3286    32415
3287    6666
3288    6827
3289    15502
3290    7837
3291    3628
3292    35657
3293    63170
3294    3798
3295    1470
3296    6578
3297    913
3298    43701
3299    8057
3300    4570
3301    13742
3302    3020
3303    12505
3304    30924
3305    12505
3306    8793
3307    30887
3308    23745
3309    7348
3310    4073
3311    12792
3312    72413
3313    72461
3314    6483
3315    8297
3316    13796
3317    35989
3318    4811
3319    24435
3320    5078
3321    2291
3322    2840
3323    13742
3324    23572
3325    7323
3326    13742
3327    7792
3328    25863
3329    4523
3330    4811
3331    6972
3332    32460
3333    3417
3334    6800
3335    3615
3336    2684
3337    14282
3338    826
3339    5741
3340    8086
3341    7870
3342    7989
3343    7829
3344    1615
3345    4820
3346    13886
3347    7846
3348    4476
3349    2859
3350    4781
3351    2953
3352    1230
3353    960
3354    5930
3355    4730
3356    30236
3357    3047
3358    5947
3359    2519
3360    2073
3361    7924
3362    4727
3363    2563
3364    2269
3365    2075
3366    4744
3367    4928
3368    6051
3369    4675
3370    6704
3371    3203
3372    5537
3373    51900
3374    16495
3375    5461
3376    4582
3377    4520
3378    4554
3379    4497
3380    7531
3381    4518
3382    17318
3383    4473
3384    2326
3385    36464
3386    3569
3387    6274
3388    3853
3389    3228
3390    3228
3391    3176
3392    2055
3393    28676
3394    109710
3395    26596
3396    5795
3397    128408
3398    520
3399    13239
3400    1826
3401    4637
3402    8772
3403    2088
3404    6957
3405    7291
3406    740
3407    4638
3408    3575
3409    1733
3410    6481
3411    1471
3412    4978
3413    5547
3414    2670
3415    18778
3416    9710
3417    1592
3418    57514
3419    1580
3420    6226
3421    8115
3422    3715
3423    3715
3424    8426
3425    6277
3426    39253
3427    15965
3428    19146
3429    7027
3430    13521
3431    2078
3432    1615
3433    4639
3434    10170
3435    14744
3436    4242
3437    4866
3438    8379
3439    7380
3440    7567
3441    49589
3442    5891
3443    55198
3444    8657
3445    6337
3446    6238
3447    5981
3448    6366
3449    4101
3450    6742
3451    7033
3452    1900
3453    7804
3454    7766
3455    6810
3456    6586
3457    7521
3458    6141
3459    7728
3460    6503
3461    8399
3462    6603
3463    3971
3464    7653
3465    4836
